0.8
0.782
0.76386
0.7455902000000001
0.7272007100000001
0.7087015467600001
0.6901026306491002
0.6714137825838217
0.6526447210557302
0.6338050592483975
0.6149043022436996
0.5959518443174104
0.576956966324006
0.5579288331705597
0.5388764913795693
0.5198088667405171
0.5007347620499297
0.4816628549396681
0.46260169579313787
0.44355970574908277
0.4245451747925815
0.40556625993284073
0.38663098346733943
0.36774723133185083
0.34892275153583424
0.3301651526826586
0.3114819025740894
0.29288032689844157
0.2743676080017702
0.2559507837414445
0.23763674642142285
0.21943224180851795
0.20134386822891703
0.1833780757441963
0.1655411654060433
0.14783928858887774
0.13027844639953695
0.11286448916317127
0.0956031159844713
0.07849987438332834
0.06156016000400949
0.04478921639690797
0.02819213487191119
0.01177385442241069
-0.0044608382810396585
-0.020507308828428272
-0.0363610749403796
-0.052017806271678846
-0.06747332414928542
-0.08272360124590572
-0.09776476119020955
-0.11259307811478814
-0.1272049761429624
-0.1415970288155624
-0.15576595845880914
-0.16970863549444015
-0.18342207769323027
-0.19690344937306598
-0.2101500605427422
-0.2231593659926554
-0.23592896433357563
-0.24845659698468536
-0.2607401471120784
-0.2727776385189174
-0.2845672344884534
-0.2961072365811129
-0.3073960833868626
-0.3184323492340646
-0.3292147428560345
-0.3397421060165195
-0.35001341209531195
-0.3600277646352152
-0.3697843958515769
-0.3792826651056074
-0.3885220573426942
-0.3975021814969271
-0.4062227688630424
-0.41468367143699236
-0.42288486022634464
-0.43082642353171
-0.43850856520039305
-0.44593160285345657
-0.45309596608738395
-0.46000219465151837
-0.4666509366024515
-0.47304294643652745
-0.4791790832016211
-0.4850603085893419
-0.4906876850088062
-0.49606237364311334
-0.501185632489652
-0.506058814385353
-0.5106833650179983
-0.5150608209246803
-0.5191928074785042
-0.5230810368646044
-0.5267273060465478
-0.5301334947241731
-0.5333015632839131
-0.536233550742631
-0.5389315726859905
-0.5413978192023654
-0.543634552813286
-0.5456441064014017
-0.5474288811369297
-0.5489913444035441
-0.5503340277246477
-0.5514595246909532
-0.552370488890288
-0.5530696318405217
-0.5535597209265014
-0.5538435773418632
-0.5539240740365775
-0.5538041336710674
-0.5534867265777234
-0.5529748687306276
-0.5522716197242782
-0.5513800807620953
-0.5503033926554693
-0.5490447338340997
-0.5476073183683557
-0.5459943940043724
-0.5442092402125832
-0.5422551662503688
-0.540135509239492
-0.5378536322589658
-0.5354129224539896
-0.5328167891615715
-0.5300686620534354
-0.5271719892967985
-0.5241302357335873
-0.5209468810786406
-0.517625418137438
-0.5141693510438681
-0.51058219351854
-0.5068674671481219
-0.5030286996861768
-0.49906942337594423
-0.49499317329550635
-0.4908034857257559
-0.48650389654156867
-0.48209793962656766
-0.477589145311848
-0.4729810388390171
-0.4682771388478884
-0.4634809558891491
-0.4585959909623093
-0.45362573407922197
-0.44857366285344796
-0.4434432411157249
-0.4382379175557837
-0.43296112439073947
-0.42761627606027075
-0.42220676794878326
-0.416735975134741
-0.4112072511673323
-0.4056239268706242
-0.39998930917534137
-0.394306679978396
-0.38857929503027594
-0.38281038285038743
-0.37700314367043364
-0.3711607484058964
-0.36528633765567553
-0.3593830207299254
-0.35345387470611644
-0.3475019435133362
-0.3415302370448299
-0.33554173029877016
-0.3295393625472311
-0.32352603653333073
-0.3175046176964926
-0.311477933425767
-0.3054487723411389
-0.2994198836027386
-0.29339397624786073
-0.28737371855568483
-0.28136173743958004
-0.27536061786686683
-0.26937290230589644
-0.26340109020030056
-0.25744763747025096
-0.251514956040562
-0.24560541339545677
-0.23972133215980984
-0.2338649897066697
-0.22803861779085471
-0.22224440220840896
-0.21648448248169394
-0.21076095156988595
-0.20507585560463826
-0.19943119365066286
-0.19382891749097497
-0.18827093143653967
-0.18275909216004993
-0.17729520855356107
-0.17188104160969747
-0.16651830432614273
-0.16120866163311703
-0.15595373034353993
-0.1507550791255715
-0.14561422849721806
-0.14053265084268346
-0.13551177045014307
-0.13055296357061164
-0.1256575584975706
-0.1208268356670184
-0.11606202777760061
-0.11136431993047391
-0.10673484978855413
-0.10217470775479442
-0.09768493716913629
-0.09326653452377343
-0.08892044969636481
-0.08464758620083168
-0.0804488014553682
-0.07632490706729628
-0.07227666913439046
-0.06830480856229804
-0.06441000139767644
-0.060592879176671166
-0.05685402928835204
-0.053193995352728174
-0.04961327761295886
-0.04611233334137743
-0.0426915772589439
-0.03935138196774324
-0.03609207839614409
-0.03291395625623339
-0.029817264513143094
-0.026802211865883885
-0.023868967239302596
-0.02101766028678037
-0.018248381903288313
-0.015561184748419554
-0.012956083779017413
-0.010433056791019524
-0.007992044970141055
-0.005632953451019718
-0.0033556518844486405
-0.0011599750123232333
0.0009542767500683169
0.0029873367247795213
0.004939471375332571
0.0068109797046012055
0.008602192646811835
0.01031347245402231
0.011945212077433487
0.013497834543889198
0.014971792327913291
0.016367566719632243
0.01768566718892778
0.018926630746160134
0.020091021299798895
0.02117942901129738
0.022192469647538404
0.02313078393118073
0.02399503688922705
0.024785917200133678
0.025504136539776567
0.026150428926584757
0.026725550066147852
0.027230276695600575
0.0276654059280817
0.02803175459756263
0.02833015860433369
0.028561472261434295
0.02872656764230641
0.028826333929947823
0.02886167676783563
0.02883351761288666
0.028742793090716312
0.02859045435345281
0.02837746644035738
0.028104807641499363
0.02777346886472598
0.027384453006165543
0.02693877432449443
0.026437457819195542
0.02588153861303011
0.02527206133893861
0.024610079531582563
0.023896655023734392
0.02313285734771464
0.02231976314207451
0.021458455563712564
0.020550023705612097
0.019595562020379487
0.018596169749757807
0.017552950360286257
0.016467010985269426
0.01533946187321572
0.014171415842899437
0.012963987745195027
0.011718293931826773
0.010435451731173773
0.009116578931261277
0.007762793270068347
0.006375211933274283
0.004954951059560564
0.0035031252535826507
0.0020208471067175715
0.0005092267256913696
-0.00103062873081744
-0.0025976155075052576
-0.004190633699613866
-0.005808587691862432
-0.007450386589062441
-0.009114944638343114
-0.010801181642919544
-0.012508023367340082
-0.014234401934154983
-0.015979256211952342
-0.01774153219471236
-0.019520183372435662
-0.02131417109300543
-0.023122464915249108
-0.02494404295316721
-0.02677789221130472
-0.0286230089112412
-0.030478398809183516
-0.03234307750464671
-0.034216070740213766
-0.03609641469237024
-0.03798315625341131
-0.03987535330442521
-0.04177207497935981
-0.0436724019201834
-0.04557542652315394
-0.04748025317621585
-0.04938599848754638
-0.051291791505277684
-0.05319677392842359
-0.055100100309045
-0.0570009382456893
-0.058898468568144846
-0.06079188551355297
-0.0626803968939243
-0.06456322425510896
-0.06643960302727364
-0.06830878266694107
-0.07017002679065115
-0.07202261330030552
-0.07386583450025924
-0.07569899720622852
-0.07752142284608315
-0.07933244755259711
-0.08113142224823261
-0.08291771272203496
-0.08469069969871856
-0.08644977890002703
-0.08819436109845141
-0.08992387216339437
-0.09163775309986888
-0.0933354600798228
-0.0950164644661825
-0.09668025282971088
-0.09832632695877647
-0.09995420386213272
-0.10156341576480721
-0.10315351009720358
-0.10472404947751984
-0.10627461168758762
-0.10780478964223955
-0.1093141913523123
-0.11080243988139488
-0.11226917329643271
-0.11371404461229839
-0.11513672173044265
-0.11653688737173917
-0.11791423900363762
-0.11926848876174034
-0.12059936336591986
-0.12190660403109388
-0.12318996637277557
-0.1244492203075181
-0.12568414994837168
-0.12689455349547418
-0.1280802431218933
-0.12924104485484317
-0.13037679845239392
-0.13148735727579675
-0.13257258815754497
-0.13363237126529287
-0.13466659996175367
-0.1356751806606981
-0.1366580326791757
-0.1376150880860788
-0.13854629154717274
-0.1394516001667115
-0.14033098332576094
-0.14118442251734958
-0.14201191117856787
-0.14281345451973504
-0.14358906935075438
-0.1443387839047745
-0.14506263765927652
-0.14576068115470386
-0.14643297581075304
-0.14707959374044194
-0.1477006175620706
-0.14829614020919163
-0.14886626473870296
-0.1494111041371775
-0.14993078112554253
-0.1504254279622203
-0.15089518624484144
-0.15134020671064025
-0.15176064903564185
-0.1521566816327487
-0.15252848144883285
-0.15287623376094106
-0.15320013197171561
-0.1535003774041362
-0.15377717909568311
-0.154030753592025
-0.15426132474032872
-0.15446912348229141
-0.15465438764699158
-0.15481736174365424
-0.15495829675442574
-0.15507744992725103
-0.15517508456894447
-0.15525146983854526
-0.15530688054104602
-0.1553415969215819
-0.15535590446016623
-0.1553500936670571
-0.15532445987883753
-0.15527930305529108
-0.15521492757715244
-0.155131642044811
-0.15502975907804495
-0.1549095951168602
-0.15477147022350812
-0.15461570788575374
-0.15444263482146509
-0.1542525807845922
-0.15404587837260264
-0.1538228628354399
-0.15358387188606692
-0.15332924551265864
-0.15305932579250275
-0.15277445670766848
-0.1524749839625001
-0.1521612548029908
-0.15183361783809096
-0.15149242286300335
-0.15113802068451487
-0.15077076294841535
-0.1503910019690493
-0.14999909056104693
-0.14959538187327853
-0.14918022922507418
-0.14875398594474998
-0.14831700521047936
-0.14786963989354768
-0.14741224240402517
-0.1469451645388935
-0.1464687573326569
-0.14598337091047142
-0.145489354343819
-0.14498705550875668
-0.1444768209467655
-0.1439589957282253
-0.14343392331853716
-0.1429019454469166
-0.14236340197787706
-0.14181863078542195
-0.14126796762996363
-0.14071174603798375
-0.1401502971844501
-0.13958394977800237
-0.1390130299489184
-0.13843786113987055
-0.13785876399948138
-0.1372760562786851
-0.13669005272990098
-0.1361010650090232
-0.13550940158023017
-0.13491536762361495
-0.1343192649456379
-0.13372139189239984
-0.1331220432657348
-0.13252151024211822
-0.1319200802943863
-0.1313180371162614
-0.13071566054967593
-0.13011322651488688
-0.12951100694337236
-0.12890926971349886
-0.12830827858894894
-0.12770829315989612
-0.12710956878691415
-0.12651235654760495
-0.12591690318593124
-0.1253234510642362
-0.12473223811793294
-0.12414349781284528
-0.1235574591051809
-0.12297434640411575
-0.12239437953696924
-0.12181777371694807
-0.1212447395134355
-0.12067548282480306
-0.12011020485371898
-0.11954910208493008
-0.11899236626548887
-0.11844018438740106
-0.11789273867266503
-0.11735020656067569
-0.11681276069796354
-0.11628056893023969
-0.11575379429671767
-0.11523259502667987
-0.11471712453825916
-0.11420753143940277
-0.11370395953098694
-0.11320654781204958
-0.11271543048710736
-0.11223073697552388
-0.11175259192289494
-0.11128111521441642
-0.11081642199019986
-0.11035862266250007
-0.10990782293482015
-0.10946412382285725
-0.10902762167725316
-0.10859840820811284
-0.1081765705112549
-0.10776219109615609
-0.10735534791555373
-0.10695611439666719
-0.10656455947400195
-0.10618074762369811
-0.10580473889938558
-0.10543658896950708
-0.10507634915607206
-0.1047240664748022
-0.1043797836766312
-0.10404353929051907
-0.10371536766754419
-0.10339529902623323
-0.10308335949909148
-0.10277957118029507
-0.10248395217450607
-0.1021965166467727
-0.10191727487347679
-0.10164623329428929
-0.10138339456509654
-0.1011287576118593
-0.10088231768536632
-0.10064406641684531
-0.10041399187439376
-0.10019207862019142
-0.09997830776845856
-0.09977265704412264
-0.09957510084215593
-0.09938561028754894
-0.099204153295882
-0.09903069463446074
-0.09886519598397764
-0.0987076160006663
-0.09855791037891176
-0.09841603191428328
-0.09828193056695372
-0.09815555352547273
-0.09803684527085882
-0.09792574764097756
-0.09782219989517266
-0.0977261387791164
-0.09763749858984822
-0.09755621124096842
-0.09748220632795634
-0.09741541119358099
-0.09735575099337379
-0.0973031487611325
-0.09725752547442779
-0.09721880012008122
-0.09718688975958634
-0.09716170959444487
-0.09714317303138864
-0.09713119174746077
-0.09712567575492775
-0.09712653346599637
-0.09713367175730925
-0.09714699603419263
-0.09716641029463208
-0.0971918171929495
-0.09722311810315953
-0.09726021318197958
-0.09730300143147091
-0.09735138076128808
-0.09740524805051376
-0.09746449920905847
-0.09752902923860235
-0.09759873229305893
-0.09767350173854128
-0.09775323021280952
-0.09783780968418143
-0.09792713150988702
-0.09802108649384911
-0.09811956494387236
-0.098222456728223
-0.09832965133158361
-0.09844103791036612
-0.0985565053473677
-0.09867594230575455
-0.09879923728235934
-0.09892627866027748
-0.09905695476074972
-0.09919115389431782
-0.09932876441124
-0.09946967475115592
-0.09961377349198802
-0.09976094939806962
-0.09991109146748861
-0.10006408897863717
-0.1002198315359582
-0.10037820911487894
-0.10053911210592476
-0.10070243135800322
-0.10086805822085282
-0.10103588458664858
-0.10120580293075804
-0.10137770635164184
-0.10155148860989355
-0.10172704416641326
-0.10190426821971066
-0.1020830567423337
-0.10226330651641852
-0.10244491516835802
-0.10262778120258603
-0.10281180403447487
-0.10299688402234419
-0.10318292249857997
-0.10336982179986215
-0.10355748529650083
-0.10374581742087996
-0.10393472369501
-0.10412411075718869
-0.10431388638777195
-0.10450395953405572
-0.10469424033427072
-0.10488464014069215
-0.10507507154186685
-0.10526544838396057
-0.10545568579122905
-0.10564570018561575
-0.10583540930548058
-0.10602473222346387
-0.10621358936349001
-0.10640190251691523
-0.10658959485782549
-0.10677659095748943
-0.10696281679797243
-0.1071481997849173
-0.10733266875949887
-0.10751615400955855
-0.1076985872799256
-0.10787990178193274
-0.1080600322021339
-0.10823891471023012
-0.10841648696621392
-0.10859268812673833
-0.10876745885072014
-0.10894074130418518
-0.1091124791643654
-0.10928261762305608
-0.10945110338924241
-0.10961788469100558
-0.10978291127671719
-0.10994613441553208
-0.11010750689719029
-0.11026698303113658
-0.11042451864497
-0.11058007108223183
-0.11073359919954451
-0.11088506336311055
-0.1110344254445833
-0.11118164881632053
-0.11132669834603165
-0.11146954039082979
-0.11161014279070025
-0.11174847486139672
-0.11188450738677697
-0.11201821261058892
-0.11214956422771954
-0.1122785373749185
-0.112405108621007
-0.11252925595658542
-0.11265095878325077
-0.11277019790233567
-0.11288695550318179
-0.11300121515095923
-0.11311296177404351
-0.11322218165096365
-0.11332886239693163
-0.11343299294996717
-0.11353456355662855
-0.1136335657573625
-0.11372999237148501
-0.11382383748180486
-0.11391509641890268
-0.11400376574507726
-0.11408984323797072
-0.11417332787388551
-0.11425421981080452
-0.11433252037112651
-0.11440823202412881
-0.11448135836816897
-0.11455190411263771
-0.1146198750596738
-0.11468527808565365
-0.1147481211224669
-0.11480841313858947
-0.11486616411996503
-0.11492138505070759
-0.114974087893635
-0.1150242855706457
-0.11507199194294915
-0.11511722179116124
-0.11515999079527578
-0.11520031551452264
-0.11523821336712292
-0.11527370260995268
-0.11530680231812479
-0.11533753236449984
-0.11536591339913604
-0.11539196682868869
-0.1154157147957684
-0.11543718015826904
-0.11545638646867407
-0.11547335795335184
-0.1154881194918485
-0.11550069659618872
-0.11551111539019249
-0.11551940258881788
-0.11552558547753838
-0.11552969189176304
-0.11553175019630946
-0.1155317892649364
-0.11552983845994558
-0.11552592761186042
-0.11552008699918959
-0.11551234732828342
-0.11550273971329122
-0.11549129565622618
-0.11547804702714615
-0.11546302604445707
-0.11544626525534601
-0.11542779751635168
-0.11540765597407737
-0.11538587404605477
-0.11536248540176419
-0.1153375239438173
-0.11531102378930874
-0.1152830192513431
-0.1152535448207418
-0.11522263514793635
-0.11519032502505366
-0.1151566493681977
-0.11512164319993329
-0.11508534163197714
-0.11504777984810033
-0.11500899308724727
-0.11496901662687542
-0.11492788576651985
-0.1148856358115875
-0.11484230205738427
-0.11479791977337883
-0.11475252418770765
-0.11470615047192356
-0.11465883372599173
-0.11461060896353653
-0.11456151109734142
-0.11451157492510572
-0.11446083511545968
-0.11440932619424204
-0.11435708253104071
-0.114304138326
-0.11425052759689597
-0.11419628416648175
-0.11414144165010515
-0.1140860334435993
-0.11403009271144848
-0.11397365237523027
-0.11391674510233518
-0.11385940329496474
-0.11380165907940876
-0.11374354429560335
-0.11368509048696929
-0.1136263288905317
-0.11356729042732155
-0.11350800569305891
-0.1134485049491179
-0.1133888181137741
-0.11332897475373338
-0.11326900407594204
-0.11320893491967843
-0.1131487957489245
-0.11308861464501807
-0.11302841929958318
-0.11296823700773961
-0.11290809466158885
-0.11284801874397693
-0.11278803532253145
-0.11272817004397284
-0.11266844812869747
-0.11260889436563143
-0.11254953310735344
-0.11249038826548513
-0.1124314833063465
-0.11237284124687552
-0.11231448465080873
-0.11225643562512183
-0.11219871581672741
-0.11214134640942758
-0.11208434812111973
-0.11202774120125225
-0.11197154542852833
-0.11191578010885461
-0.11186046407353323
-0.1118056156776927
-0.1117512527989567
-0.11169739283634678
-0.11164405270941646
-0.11159124885761368
-0.11153899723986871
-0.11148731333440398
-0.11143621213876337
-0.11138570817005689
-0.11133581546541849
-0.1112865475826732
-0.11123791760120966
-0.11118993812305583
-0.11114262127415375
-0.11109597870582988
-0.11105002159645744
-0.111004760653308
-0.11096020611458735
-0.11091636775165359
-0.1108732548714122
-0.11083087631888616
-0.11078924047995597
-0.11074835528426624
-0.11070822820829579
-0.11066886627858702
-0.1106302760751301
-0.11059246373489967
-0.11055543495553893
-0.11051919499918794
-0.11048374869645222
-0.11044910045050788
-0.11041525424133924
-0.11038221363010542
-0.11034998176363153
-0.11031856137902118
-0.11028795480838638
-0.11025816398369054
-0.11022919044170137
-0.1102010353290494
-0.11017369940738841
-0.11014718305865429
-0.11012148629041785
-0.11009660874132848
-0.11007254968664487
-0.11004930804384788
-0.1100268823783338
-0.11000527090918272
-0.10998447151499863
-0.10996448173981821
-0.10994529879908371
-0.10992691958567735
-0.10990934067601255
-0.10989255833617911
-0.10987656852813898
-0.10986136691596815
-0.10984694887214219
-0.10983330948386144
-0.1098204435594125
-0.10980834563456254
-0.10979700997898362
-0.10978643060270282
-0.10977660126257566
-0.10976751546877922
-0.10975916649132156
-0.10975154736656484
-0.10974465090375829
-0.10973846969157891
-0.10973299610467557
-0.10972822231021451
-0.10972414027442334
-0.10972074176912944
-0.10971801837829143
-0.1097159615045199
-0.10971456237558469
-0.10971381205090647
-0.10971370142802939
-0.10971422124907254
-0.10971536210715743
-0.10971711445280896
-0.1097194686003275
-0.10972241473412953
-0.10972594291505433
-0.10973004308663498
-0.10973470508133015
-0.10973991862671584
-0.10974567335163421
-0.10975195879229677
-0.10975876439834109
-0.10976607953883821
-0.10977389350824862
-0.10978219553232549
-0.10979097477396249
-0.1098002203389854
-0.1098099212818846
-0.10982006661148785
-0.10983064529657016
-0.10984164627140103
-0.109853058441226
-0.10986487068768147
-0.10987707187414153
-0.10988965085099522
-0.10990259646085282
-0.10991589754367953
-0.10992954294185647
-0.10994352150516618
-0.10995782209570237
-0.10997243359270314
-0.10998734489730583
-0.11000254493722278
-0.1100180226713372
-0.1100337670942182
-0.11004976724055382
-0.11006601218950207
-0.11008249106895779
-0.11009919305973642
-0.11011610739967237
-0.11013322338763237
-0.11015053038744316
-0.1101680178317323
-0.11018567522568279
-0.11020349215069969
-0.11022145826798979
-0.1102395633220527
-0.11025779714408407
-0.11027614965529009
-0.11029461087011316
-0.11031317089936904
-0.11033181995329455
-0.11035054834450642
-0.1103693464908711
-0.11038820491828527
-0.11040711426336741
-0.11042606527606008
-0.11044504882214384
-0.11046405588566205
-0.11048307757125758
-0.11050210510642061
-0.11052112984364909
-0.11054014326252132
-0.1105591369716808
-0.1105781027107347
-0.11059703235206558
-0.11061591790255665
-0.110634751505232
-0.11065352544081103
-0.11067223212917898
-0.11069086413077306
-0.11070941414788515
-0.11072787502588166
-0.11074623975434167
-0.11076450146811312
-0.11078265344828853
-0.11080068912310065
-0.11081860206873895
-0.11083638601008722
-0.11085403482138434
-0.11087154252680753
-0.11088890330097972
-0.11090611146940221
-0.11092316150881298
-0.11094004804747132
-0.11095676586537084
-0.11097330989438048
-0.1109896752183156
-0.1110058570729392
-0.11102185084589522
-0.11103765207657401
-0.11105325645591202
-0.11106865982612552
-0.11108385818038063
-0.11109884766240019
-0.11111362456600826
-0.11112818533461416
-0.11114252656063622
-0.11115664498486744
-0.11117053749578287
-0.1111842011287914
