0.8
0.782
0.7637722495313672
0.7453270644555103
0.7266748502763188
0.7078260949577018
0.6887913616562222
0.6695812813770012
0.6502065455612531
0.6306778986139956
0.6110061303806311
0.5912020685812238
0.5712765712114133
0.5512405189189852
0.5311048073651893
0.5108803395799314
0.4905780183199838
0.470208738439354
0.4497833792809207
0.4293127970983941
0.40880781751758377
0.3882792280458607
0.36773777063858293
0.3471941343311151
0.3266589479449149
0.30614277287598307
0.2856560959737776
0.2652093225184805
0.24481276930427892
0.2244766578360775
0.20421110764680356
0.18402612974219523
0.1639316201796847
0.14393735378769312
0.12405297803135773
0.10428800703039953
0.08465181573452796
0.06515363426145643
0.045802542402278934
0.026607464298629313
0.007577163295715228
-0.011279763025013045
-0.029954887630127713
-0.04843995863232392
-0.06672690369958278
-0.08480783427294902
-0.10267504959079837
-0.1203210405177837
-0.13773849317696252
-0.15492029238391164
-0.17185952488193457
-0.18854948237775887
-0.20498366437740229
-0.22115578082216447
-0.23705975452496642
-0.25268972340751733
-0.26804004253903896
-0.2831052859775149
-0.297880248414663
-0.3123599466260481
-0.32653962072796316
-0.3404147352429048
-0.3539809799756617
-0.3672342707022125
-0.3801707496737993
-0.39278678593870525
-0.40507897548441324
-0.41704414120296457
-0.4286793326824673
-0.43998182582782663
-0.4509491223138837
-0.4615789488742512
-0.4718692564292339
-0.4818182190563054
-0.49142423280669667
-0.5006859143717195
-0.509602099602515
-0.5181718418869738
-0.5263944103876241
-0.5342692881443282
-0.5417961700456645
-0.5489749606729037
-0.5558057720205132
-0.5622889210971412
-0.5684249274110523
-0.574214510343988
-0.5796585864174371
-0.584758266455297
-0.5895148526469063
-0.5939298355144167
-0.5980048907884661
-0.6017418761960944
-0.6051428281648299
-0.6082099584468463
-0.610945650667073
-0.613352456799108
-0.6154330935727568
-0.6171904388169858
-0.6186275277420457
-0.6197475491644844
-0.6205538416787288
-0.6210498897788757
-0.6212393199342892
-0.6211258966225615
-0.6207135183233445
-0.620006213476519
-0.6190081364081133
-0.6177235632273459
-0.6161568876981052
-0.6143126170881381
-0.6121953679991634
-0.6098098621810757
-0.6071609223333522
-0.6042534678967216
-0.6010925108381021
-0.5976831514317563
-0.5940305740395627
-0.5901400428932426
-0.5860168978813277
-0.5816665503435987
-0.5770944788756662
-0.5723062251463112
-0.567307389730145
-0.5621036279580891
-0.556700645788123
-0.5511041956986855
-0.5453200726070626
-0.5393541098150323
-0.5332121749839842
-0.5269001661416723
-0.5204240077226988
-0.513789646644774
-0.5070030484227387
-0.5000701933222739
-0.49299707255517117
-0.4857896845179764
-0.47845403107576157
-0.47099611389272533
-0.46342193081126376
-0.4557374722810961
-0.4479487178399753
-0.44006163264745474
-0.4320821640731275
-0.42401623834069874
-0.4158697572291947
-0.4076485948325586
-0.3993585943788259
-0.39100556511001866
-0.3825952792238424
-0.374133468878217
-0.3656258232596155
-0.35707798571613525
-0.34849555095616913
-0.3398840623134944
-0.33124900907954186
-0.32259582390355884
-0.3139298802613241
-0.30525648999302635
-0.2965809009108624
-0.28790829447686495
-0.2792437835514172
-0.2705924102128649
-0.2619591436485845
-0.2533488781178218
-0.24476643098656398
-0.23621654083466415
-0.22770386563538847
-0.2192329810075116
-0.21080837854004036
-0.20243446418960082
-0.1941155567504801
-0.18585588639727052
-0.17765959330002135
-0.16953072631176092
-0.16147324172821054
-0.15349100211947198
-0.14558777523342759
-0.13776723297055654
-0.1300329504298285
-0.12238840502530113
-0.1148369756730086
-0.10738194204769302
-0.10002648390889524
-0.09277368049588591
-0.08562650999088406
-0.0785878490499779
-0.0716604724011285
-0.06484705250860717
-0.05815015930318551
-0.05157225997736675
-0.045115718844918995
-0.038782797263941904
-0.032575653622670564
-0.02649634338719442
-0.020546819210242373
-0.014728931100160658
-0.009044426649186477
-0.0034949513200956406
0.0019179512097186602
0.0071928386477005946
0.012328369630106972
0.017323303211506935
0.022176517506671378
0.026886968920264098
0.0314537125000765
0.03587590121669526
0.04015278519408405
0.044283710892181805
0.04826812024263638
0.0521055497388026
0.05579562948114841
0.05933808217922376
0.06273272211135611
0.06597945404324884
0.06907827210666523
0.07202925863939114
0.07483258298767481
0.07748850027235127
0.07999735011986153
0.08235955535938505
0.0845756206873054
0.08664613130023419
0.08857175149782026
0.0903532232565733
0.09199136477593245
0.09348706899780929
0.09484130210083758
0.09605510197055683
0.09712957664675903
0.09806590274922228
0.09886532388305364
0.09952914902485971
0.10005875089095734
0.10045556428883379
0.10072108445305816
0.10085686536684046
0.10086451807042685
0.10074570895751273
0.10050215806084595
0.10013563732818487
0.09964796888976479
0.0990410233184183
0.09831671788348234
0.09747701479961579
0.09652391947163769
0.09545947873648597
0.09428577910338193
0.09300494499327483
0.09161913697862528
0.09013055002457332
0.08854141173252206
0.0868539805871531
0.08507054420787469
0.08319341760568755
0.0812249414464371
0.07916748032140503
0.07702342102617576
0.0747951708486963
0.07248515586743048
0.07009581926049108
0.06762961962661485
0.06508902931882732
0.06247653279162596
0.059794624962490384
0.05704580958850991
0.054232597658900594
0.05135750580416126
0.04842305472260139
0.045431767624952435
0.042386168697753746
0.03928878158618543
0.03614212789699789
0.03294872572217017
0.02971108818390583
0.02643172200155669
0.023113126081042268
0.019757790127312602
0.01636819328038247
0.012946802775441357
0.00949607262752511
0.0060184423412129595
0.0025163356457931774
-0.0010078407436813208
-0.004551698339045007
-0.008112868065000445
-0.011689001418067946
-0.015277771598165402
-0.018876874612500594
-0.022484030351478834
-0.026096983636349602
-0.029713505238335935
-0.033331392869010434
-0.03694847214170277
-0.040562597503743025
-0.04417165313936516
-0.047773553843115435
-0.05136624586362887
-0.054947707717657335
-0.05851595097425222
-0.06206902100902262
-0.06560499772841027
-0.0691219962639395
-0.07261816763642037
-0.07609169939010102
-0.07954081619678177
-0.0829637804299242
-0.0863588927088022
-0.08972449241276337
-0.09305895816568133
-0.0963607082907012
-0.09962820123539284
-0.10285993596744514
-0.10605445234104866
-0.10921033143413117
-0.11232619585662496
-0.11540071002995889
-0.11843258043798544
-0.12142055584956346
-0.12436342751303553
-0.12726002932284902
-0.13010923795858492
-0.13290997299667234
-0.13566119699507634
-0.13836191555126287
-0.14101117733375335
-0.14360807408759474
-0.14615174061408226
-0.1486413547250825
-0.15107613717231422
-0.15345535155195728
-0.15577830418496663
-0.1580443439734805
-0.16025286223371898
-0.16240329250578084
-0.16449511034075093
-0.1665278330655428
-0.16850101952590574
-0.17041426980803498
-0.17226722493922908
-0.17405956656804722
-0.17579101662442304
-0.1774613369601999
-0.17907032897055697
-0.18061783319680053
-0.18210372891100024
-0.1835279336829555
-0.184890402929979
-0.18619112944999117
-0.1874301429384207
-0.18860750948941046
-0.18972333108183037
-0.1907777450506027
-0.19177092354384506
-0.19270307296634048
-0.19357443340984465
-0.19438527807074074
-0.19513591265555486
-0.19582667477484372
-0.19645793332596856
-0.1970300878652672
-0.19754356797013684
-0.19799883259154016
-0.19839636939744454
-0.19873669410770456
-0.1990203498208955
-0.19924790633360445
-0.19941995945268232
-0.19953713030096
-0.19960006461692542
-0.19960943204886017
-0.19956592544392687
-0.19947026013269786
-0.19932317320961035
-0.19912542280983098
-0.19887778738300682
-0.1985810649643765
-0.19823607244371116
-0.19784364483254763
-0.19740463453017465
-0.19691991058882474
-0.19639035797852078
-0.19581687685201915
-0.19520038181028754
-0.19454180116894693
-0.19384207622610383
-0.19310216053198992
-0.19232301916082106
-0.1915056279852817
-0.19065097295403183
-0.1897600493726278
-0.1888338611882424
-0.18787342027855908
-0.18687974574521116
-0.1858538632121276
-0.1847968041291395
-0.18370960508119383
-0.1825933071035128
-0.18144895500303043
-0.18027759668642762
-0.17908028249508173
-0.17785806454723552
-0.17661199608768452
-0.1753431308452717
-0.17405252239847135
-0.17274122354933358
-0.171410285706055
-0.17006075827443118
-0.16869368805843626
-0.16731011867017004
-0.1659110899494003
-0.16449763739292234
-0.16307079159394783
-0.1616315776917257
-0.16018101483159014
-0.158720115635622
-0.1572498856841001
-0.15577132300791108
-0.1542854175920777
-0.1527931508905559
-0.15129549535244385
-0.14979341395973622
-0.1482878597767478
-0.14677977551132465
-0.14527009308794886
-0.14375973323283786
-0.1422496050711276
-0.14074060573622382
-0.13923361999139428
-0.13772951986366888
-0.1362291642901044
-0.1347333987764645
-0.13324305506835604
-0.13175895083485523
-0.1302818893646499
-0.12881265927471514
-0.12735203423153296
-0.1259007726848584
-0.12445961761402752
-0.12302929628679471
-0.1216105200306794
-0.12020398401679594
-0.11881036705613268
-0.11743033140823872
-0.1160645226022714
-0.11471356927034981
-0.11337808299315255
-0.112058658157693
-0.11075587182719793
-0.10947028362300859
-0.10820243561841886
-0.10695285224435708
-0.10572204020681425
-0.10451048841591415
-0.103318667926516
-0.10214703189023483
-0.10099601551875897
-0.0998660360583396
-0.09875749277532159
-0.09767076695258048
-0.09660622189672563
-0.09556420295592433
-0.09454503754819854
-0.09354903520004026
-0.09257648759518816
-0.09162766863340405
-0.09070283449908317
-0.08980222373953056
-0.08892605735272902
-0.08807453888442374
-0.08724785453434425
-0.08644617327138082
-0.08566964695752982
-0.08491841048042043
-0.08419258189423129
-0.08349226256880371
-0.08281753734675634
-0.0821684747084021
-0.08154512694426852
-0.08094753033501906
-0.08037570533857158
-0.07982965678420861
-0.07930937407347238
-0.07881483138763717
-0.07834598790154851
-0.07790278800361966
-0.0774851615217731
-0.07709302395511547
-0.07672627671113308
-0.07638480734819403
-0.07606848982314429
-0.07577718474378231
-0.07551073962599936
-0.07526898915537067
-0.07505175545298381
-0.07485884834529044
-0.07469006563776831
-0.07454519339218013
-0.07442400620721812
-0.07432626750232191
-0.07425172980445971
-0.07420013503766298
-0.07417121481510641
-0.07416469073352522
-0.07418027466976468
-0.07421766907925709
-0.07427656729622206
-0.0743566538353908
-0.0744576046950523
-0.07457908766122567
-0.07472076261276123
-0.07488228182717677
-0.07506329028703718
-0.07526342598668806
-0.07548232023915513
-0.07571959798302486
-0.07597487808912329
-0.07624777366681362
-0.0765378923697339
-0.07684483670080056
-0.07716820431630539
-0.07750758832893656
-0.07786257760955706
-0.07823275708757677
-0.07861770804975748
-0.07901700843729348
-0.07943023314101288
-0.07985695429454781
-0.08029674156532618
-0.08074916244323876
-0.0812137825268412
-0.08169016580695104
-0.08217787494750617
-0.08267647156355135
-0.0831855164962263
-0.08370457008462884
-0.08423319243443333
-0.08477094368314564
-0.08531738426188001
-0.08587207515354878
-0.08643457814735617
-0.08700445608949298
-0.08758127312993325
-0.08816459496523543
-0.08875398907725601
-0.08934902496768671
-0.08994927438832923
-0.09055431156702665
-0.09116371342917323
-0.09177705981472783
-0.09239393369066046
-0.09301392135876507
-0.0936366126587751
-0.09426160116672144
-0.09488848438847719
-0.0955168639484365
-0.09614634577327813
-0.0967765402707686
-0.09740706250356307
-0.0980375323579652
-0.0986675747076115
-0.09929681957204872
-0.0999249022701762
-0.10055146356852845
-0.10117614982437784
-0.10179861312363797
-0.10241851141355518
-0.10303550863017552
-0.1036492748205804
-0.10425948625988529
-0.10486582556300106
-0.10546798179115885
-0.10606565055320366
-0.10665853410166398
-0.10724634142360895
-0.10782878832630677
-0.10840559751770029
-0.10897649868172055
-0.10954122854845982
-0.11009953095922964
-0.11065115692653188
-0.11119586468897313
-0.11173341976115597
-0.11226359497858224
-0.11278617053760764
-0.11330093403048719
-0.11380768047555567
-0.11430621234258748
-0.11479633957338464
-0.11527787959764257
-0.11575065734414497
-0.11621450524734339
-0.11666926324937654
-0.11711477879758869
-0.11755090683760588
-0.11797750980203386
-0.11839445759483963
-0.1188016275714836
-0.11919890451486931
-0.11958618060717874
-0.11996335539766512
-0.1203303357664735
-0.1206870358845637
-0.12103337716981016
-0.12136928823935395
-0.12169470485828471
-0.12200956988473155
-0.12231383321144124
-0.1226074517039254
-0.1228903891352574
-0.12316261611760254
-0.12342411003056364
-0.12367485494642766
-0.12391484155239718
-0.12414406706989306
-0.12436253517101431
-0.12457025589224191
-0.12476724554547447
-0.12495352662648312
-0.12512912772087365
-0.1252940834076452
-0.12544843416043355
-0.12559222624652827
-0.12572551162375362
-0.1258483478353012
-0.1259607979026054
-0.12606293021634912
-0.1261548184256911
-0.12623654132580242
-0.12630818274380212
-0.1263698314231808
-0.1264215809068004
-0.1264635294185586
-0.12649577974380632
-0.12651843910860505
-0.12653161905791127
-0.1265354353327754
-0.1265300077466402
-0.12651546006082448
-0.12649191985927782
-0.12645951842268888
-0.12641839060203175
-0.1263686746916335
-0.12631051230184354
-0.12624404823138696
-0.12616943033948141
-0.12608680941779743
-0.1259963390623398
-0.12589817554532823
-0.12579247768715296
-0.12567940672848116
-0.12555912620258813
-0.12543180180798652
-0.12529760128142536
-0.1251566942713308
-0.12500925221175668
-0.12485544819691458
-0.12469545685635003
-0.12452945423083167
-0.12435761764901654
-0.12418012560495628
-0.12399715763650587
-0.12380889420469543
-0.12361551657412428
-0.12341720669443601
-0.12321414708293016
-0.12300652070836637
-0.1227945108760144
-0.12257830111400198
-0.1223580750610122
-0.12213401635537918
-0.12190630852562945
-0.12167513488251658
-0.1214406784125931
-0.12120312167336317
-0.12096264669005824
-0.12071943485407588
-0.1204736668231205
-0.12022552242308343
-0.11997518055169859
-0.11972281908400673
-0.11946861477966281
-0.11921274319211606
-0.11895537857969368
-0.11869669381861592
-0.11843686031796835
-0.11817604793665865
-0.11791442490237863
-0.11765215773259663
-0.11738941115759843
-0.11712634804559757
-0.11686312932993165
-0.11659991393836122
-0.11633685872448651
-0.116074118401294
-0.11581184547684603
-0.11555019019212276
-0.1152893004610262
-0.11502932181255371
-0.11477039733514677
-0.11451266762322038
-0.11425627072587607
-0.114001342097801
-0.11374801455235345
-0.11349641821683493
-0.1132466804899459
-0.11299892600142364
-0.11275327657385559
-0.11250985118666507
-0.1122687659422607
-0.11203013403434231
-0.1117940657183536
-0.11156066828407202
-0.11133004603032337
-0.11110230024180906
-0.11087752916803206
-0.11065582800430723
-0.11043728887483928
-0.11022200081785227
-0.1100100497727523
-0.10980151856930509
-0.10959648691880775
-0.10939503140723494
-0.109197225490337
-0.10900313949066809
-0.10881284059652074
-0.10862639286274217
-0.10844385721340821
-0.10826529144632818
-0.10809075023935505
-0.1079202851584723
-0.10775394466763083
-0.10759177414030652
-0.10743381587274925
-0.1072801090988933
-0.10713069000689912
-0.10698559175729433
-0.1068448445026835
-0.10670847540899353
-0.10657650867822249
-0.10644896557265848
-0.10632586444053499
-0.10620722074308869
-0.10609304708298584
-0.1059833532340812
-0.10587814617247576
-0.1057774301088365
-0.10568120652194424
-0.10558947419343129
-0.10550222924367486
-0.10541946516880824
-0.10534117287881356
-0.10526734073666016
-0.10519795459845
-0.1051329978545345
-0.10507245147156474
-0.10501629403543838
-0.10496450179510547
-0.10491704870719637
-0.1048739064814338
-0.10483504462679244
-0.10480043049836862
-0.10477002934492224
-0.10474380435705494
-0.10472171671598657
-0.10470372564289349
-0.10468978844877203
-0.10467986058479023
-0.10467389569309205
-0.10467184565801696
-0.1046736606576999
-0.10467928921601527
-0.10468867825482991
-0.10470177314652934
-0.10471851776678348
-0.10473885454751536
-0.1047627245300412
-0.10479006741834535
-0.10482082163245826
-0.10485492436190397
-0.104892311619184
-0.10493291829326529
-0.10497667820304085
-0.10502352415073102
-0.1050733879751945
-0.10512620060511824
-0.10518189211205697
-0.10524039176329153
-0.1053016280744778
-0.10536552886205669
-0.10543202129539819
-0.10550103194865079
-0.10557248685227
-0.10564631154419873
-0.10572243112067409
-0.10580077028663537
-0.10588125340570731
-0.1059638045497357
-0.10604834754785103
-0.10613480603503678
-0.10622310350018005
-0.10631316333358354
-0.1064049088739159
-0.1064982634545813
-0.10659315044948736
-0.10668949331819216
-0.1067872156504115
-0.10688624120986834
-0.10698649397746696
-0.10708789819377434
-0.10719037840079321
-0.10729385948301062
-0.10739826670770736
-0.10750352576451294
-0.10760956280419415
-0.10771630447666214
-0.10782367796818665
-0.10793161103780563
-0.1080400320529184
-0.10814887002405182
-0.10825805463879062
-0.10836751629486102
-0.10847718613235996
-0.10858699606512162
-0.10869687881121376
-0.10880676792255695
-0.1089165978136607
-0.10902630378947048
-0.10913582207232148
-0.10924508982799319
-0.10935404519086284
-0.10946262728815276
-0.1095707762632705
-0.10967843329823806
-0.10978554063521029
-0.10989204159708044
-0.10999788060717319
-0.11010300320802424
-0.11020735607924886
-0.11031088705449899
-0.11041354513751134
-0.11051528051724951
-0.1106160445821413
-0.11071578993341585
-0.110814470397544
-0.11091204103778596
-0.11100845816485116
-0.11110367934667581
-0.11119766341732318
-0.11129037048501356
-0.11138176193928945
-0.11147180045732413
-0.11156045000938036
-0.11164767586342644
-0.11173344458891976
-0.11181772405976398
-0.11190048345645093
-0.11198169326739554
-0.11206132528947371
-0.11213935262777314
-0.11221574969456749
-0.11229049220752535
-0.11236355718716368
-0.11243492295355828
-0.11250456912232243
-0.11257247659986586
-0.1126386275779458
-0.11270300552752305
-0.11276559519193591
-0.11282638257940414
-0.11288535495487728
-0.1129425008312398
-0.11299780995988706
-0.11305127332068593
-0.11310288311133415
-0.11315263273613235
-0.11320051679418353
-0.11324653106703375
-0.1132906725057693
-0.11333293921758553
-0.1133733304518405
-0.11341184658561088
-0.11344848910876326
-0.1134832606085569
-0.11351616475379317
-0.1135472062785271
-0.11357639096535604
-0.11360372562830146
-0.11362921809529908
-0.11365287719031286
-0.11367471271508844
-0.1136947354305618
-0.11371295703793849
-0.1137293901594591
-0.11374404831886648
-0.1137569459215903
-0.1137680982346645
-0.11377752136639291
-0.1137852322457783
-0.11379124860173101
-0.11379558894207131
-0.11379827253234176
-0.1137993193744436
-0.1137987501851131
-0.1137965863742526
-0.11379285002313033
-0.11378756386246491
-0.11378075125040821
-0.11377243615044119
-0.11376264310919726
-0.11375139723422711
-0.11373872417171904
-0.11372465008418897
-0.1137092016281534
-0.1136924059317988
-0.11367429057266143
-0.1136548835553301
-0.113634213289185
-0.11361230856618582
-0.11358919853872107
-0.1135649126975316
-0.11353948084972015
-0.11351293309685906
-0.1134852998132082
-0.11345661162405374
-0.11342689938418038
-0.11339619415648705
-0.1133645271907574
-0.113331929902596
-0.11329843385253996
-0.11326407072535688
-0.11322887230953804
-0.11319287047699822
-0.11315609716298924
-0.1131185843462385
-0.11308036402932042
-0.11304146821926919
-0.11300192890844213
-0.11296177805564095
-0.11292104756749965
-0.11287976928014548
-0.11283797494114162
-0.11279569619171781
-0.11275296454929623
-0.11270981139031894
-0.11266626793338286
-0.11262236522268976
-0.11257813411181478
-0.1125336052478011
-0.11248880905558456
-0.11244377572275405
-0.11239853518465209
-0.11235311710981993
-0.11230755088579125
-0.11226186560523904
-0.11221609005247851
-0.11217025269032993
-0.11212438164734456
-0.11207850470539588
-0.11203264928763967
-0.11198684244684515
-0.11194111085409819
-0.1118954807878802
-0.11184997812352282
-0.11180462832304089
-0.11175945642534407
-0.11171448703682818
-0.11166974432234744
-0.11162525199656714
-0.11158103331569796
-0.1115371110696105
-0.11149350757433163
-0.11145024466492032
-0.11140734368872346
-0.11136482549901
-0.11132271044898306
-0.11128101838616783
-0.11123976864717411
-0.1111989800528318
-0.11115867090369724
-0.11111885897592833
-0.11107956151752568
-0.11104079524493804
-0.11100257634002836
-0.11096492044739875
-0.11092784267206968
-0.1108913575775119
-0.11085547918402638
-0.11082022096746913
-0.11078559585831732
-0.11075161624107271
-0.11071829395399801
-0.11068564028918282
-0.11065366599293369
-0.11062238126648472
-0.11059179576702366
-0.11056191860902936
-0.11053275836591447
-0.11050432307197006
-0.11047662022460569
-0.11044965678688068
